TAR-SCALE editor	op	entries	open_ms	remove_ms	rename_ms	add_ms	commit_ms	verification_ms	copy_engine_writes	verification_reads	output_bytes
TAR-SCALE updater	delete-first	100000	490.790	27.474	0.000	0.000	59.457	19.493	153600000	307197952	153600000
TAR-SCALE rewriter	delete-first	100000	416.846	32.321	0.000	0.000	927.378	0.000	0	0	153600000
TAR-SCALE updater	delete-last	100000	488.119	27.505	0.000	0.000	6.032	0.171	1536	1024	153600000
TAR-SCALE rewriter	delete-last	100000	419.065	32.474	0.000	0.000	925.501	0.000	0	0	153600000
TAR-SCALE updater	rename-same	100000	493.348	0.000	27.048	0.000	6.164	0.064	10752	1024	153610240
TAR-SCALE rewriter	rename-same	100000	411.943	0.000	34.407	0.000	926.002	0.000	0	0	153610240
TAR-SCALE updater	rename-diff	100000	478.649	0.000	27.312	0.000	54.868	10.721	76810240	153600000	153610240
TAR-SCALE rewriter	rename-diff	100000	412.656	0.000	31.868	0.000	919.435	0.000	0	0	153610240
TAR-SCALE updater	append	100000	479.794	0.000	0.000	30.652	4.189	0.060	8704	1024	153610240
TAR-SCALE rewriter	append	100000	416.717	0.000	0.000	32.913	914.640	0.000	0	0	153610240
TAR-SCALE updater	replace	100000	486.076	26.631	0.000	32.030	51.078	9.948	76808704	153598976	153610240
TAR-SCALE rewriter	replace	100000	408.783	32.149	0.000	0.007	915.977	0.000	0	0	153610240
