TAR-SCALE editor	op	entries	open_ms	remove_ms	rename_ms	add_ms	commit_ms	verification_ms	copy_engine_writes	verification_reads	output_bytes
TAR-SCALE updater	delete-first	100000	564.204	28.337	0.000	0.000	65.135	21.227	153600000	307197952	153600000
TAR-SCALE rewriter	delete-first	100000	424.619	34.889	0.000	0.000	939.792	0.000	0	0	153600000
TAR-SCALE updater	delete-last	100000	500.084	28.616	0.000	0.000	5.656	0.168	1536	1024	153600000
TAR-SCALE rewriter	delete-last	100000	414.099	32.860	0.000	0.000	959.553	0.000	0	0	153600000
TAR-SCALE updater	rename-same	100000	496.532	0.000	27.827	0.000	6.699	0.162	10752	1024	153610240
TAR-SCALE rewriter	rename-same	100000	411.781	0.000	32.990	0.000	938.472	0.000	0	0	153610240
TAR-SCALE updater	rename-diff	100000	487.798	0.000	27.809	0.000	69.484	11.125	76810240	153600000	153610240
TAR-SCALE rewriter	rename-diff	100000	416.627	0.000	32.665	0.000	936.682	0.000	0	0	153610240
TAR-SCALE updater	append	100000	490.342	0.000	0.000	31.392	4.518	0.061	8704	1024	153610240
TAR-SCALE rewriter	append	100000	421.458	0.000	0.000	34.571	980.251	0.000	0	0	153610240
TAR-SCALE updater	replace	100000	482.856	26.740	0.000	32.570	61.128	10.249	76808704	153598976	153610240
TAR-SCALE rewriter	replace	100000	405.242	31.747	0.000	0.007	920.062	0.000	0	0	153610240
