TAR-SCALE editor	op	entries	open_ms	remove_ms	rename_ms	add_ms	commit_ms	verification_ms	copy_engine_writes	verification_reads	output_bytes
TAR-SCALE updater	delete-first	100000	488.666	27.438	0.000	0.000	59.468	19.266	153600000	307197952	153600000
TAR-SCALE rewriter	delete-first	100000	414.131	32.462	0.000	0.000	915.815	0.000	0	0	153600000
TAR-SCALE updater	delete-last	100000	485.965	27.260	0.000	0.000	6.136	0.245	1536	1024	153600000
TAR-SCALE rewriter	delete-last	100000	412.656	32.073	0.000	0.000	921.280	0.000	0	0	153600000
TAR-SCALE updater	rename-same	100000	482.020	0.000	26.881	0.000	6.283	0.081	10752	1024	153610240
TAR-SCALE rewriter	rename-same	100000	408.862	0.000	31.893	0.000	912.665	0.000	0	0	153610240
TAR-SCALE updater	rename-diff	100000	482.169	0.000	26.847	0.000	58.973	10.290	76810240	153600000	153610240
TAR-SCALE rewriter	rename-diff	100000	407.874	0.000	32.477	0.000	926.184	0.000	0	0	153610240
TAR-SCALE updater	append	100000	484.735	0.000	0.000	30.894	4.418	0.058	8704	1024	153610240
TAR-SCALE rewriter	append	100000	410.994	0.000	0.000	32.658	922.162	0.000	0	0	153610240
TAR-SCALE updater	replace	100000	484.915	26.965	0.000	32.557	53.312	10.239	76808704	153598976	153610240
TAR-SCALE rewriter	replace	100000	417.239	34.418	0.000	0.008	920.352	0.000	0	0	153610240
