TAR-SCALE editor	op	entries	open_ms	remove_ms	rename_ms	add_ms	commit_ms	verification_ms	copy_engine_writes	verification_reads	output_bytes
TAR-SCALE updater	delete-first	100000	498.952	28.385	0.000	0.000	72.350	19.988	153600000	307197952	153600000
TAR-SCALE rewriter	delete-first	100000	417.153	33.020	0.000	0.000	925.266	0.000	0	0	153600000
TAR-SCALE updater	delete-last	100000	481.495	26.844	0.000	0.000	6.572	0.216	1536	1024	153600000
TAR-SCALE rewriter	delete-last	100000	409.016	32.438	0.000	0.000	921.380	0.000	0	0	153600000
TAR-SCALE updater	rename-same	100000	488.131	0.000	27.096	0.000	6.026	0.187	10752	1024	153610240
TAR-SCALE rewriter	rename-same	100000	409.780	0.000	31.818	0.000	923.666	0.000	0	0	153610240
TAR-SCALE updater	rename-diff	100000	488.093	0.000	27.159	0.000	53.568	11.026	76810240	153600000	153610240
TAR-SCALE rewriter	rename-diff	100000	407.550	0.000	32.244	0.000	928.594	0.000	0	0	153610240
TAR-SCALE updater	append	100000	489.821	0.000	0.000	30.852	4.306	0.163	8704	1024	153610240
TAR-SCALE rewriter	append	100000	419.290	0.000	0.000	32.598	924.712	0.000	0	0	153610240
TAR-SCALE updater	replace	100000	484.165	26.780	0.000	31.839	52.864	10.393	76808704	153598976	153610240
TAR-SCALE rewriter	replace	100000	411.106	31.956	0.000	0.012	928.916	0.000	0	0	153610240
