TAR-SCALE editor	op	entries	open_ms	remove_ms	rename_ms	add_ms	commit_ms	verification_ms	copy_engine_writes	verification_reads	output_bytes
TAR-SCALE updater	delete-first	100000	492.220	27.152	0.000	0.000	70.769	19.923	153600000	307197952	153600000
TAR-SCALE rewriter	delete-first	100000	420.528	32.911	0.000	0.000	936.178	0.000	0	0	153600000
TAR-SCALE updater	delete-last	100000	489.090	27.582	0.000	0.000	6.245	0.220	1536	1024	153600000
TAR-SCALE rewriter	delete-last	100000	415.108	32.596	0.000	0.000	928.819	0.000	0	0	153600000
TAR-SCALE updater	rename-same	100000	485.757	0.000	26.850	0.000	6.677	0.176	10752	1024	153610240
TAR-SCALE rewriter	rename-same	100000	414.122	0.000	32.345	0.000	925.847	0.000	0	0	153610240
TAR-SCALE updater	rename-diff	100000	488.389	0.000	27.044	0.000	52.701	10.762	76810240	153600000	153610240
TAR-SCALE rewriter	rename-diff	100000	417.292	0.000	32.640	0.000	926.222	0.000	0	0	153610240
TAR-SCALE updater	append	100000	487.154	0.000	0.000	30.687	4.379	0.058	8704	1024	153610240
TAR-SCALE rewriter	append	100000	410.209	0.000	0.000	32.315	921.284	0.000	0	0	153610240
TAR-SCALE updater	replace	100000	484.184	26.894	0.000	32.257	52.336	10.344	76808704	153598976	153610240
TAR-SCALE rewriter	replace	100000	412.592	32.074	0.000	0.006	925.309	0.000	0	0	153610240
