TAR-SCALE editor	op	entries	open_ms	remove_ms	rename_ms	add_ms	commit_ms	verification_ms	copy_engine_writes	verification_reads	output_bytes
TAR-SCALE updater	delete-first	100000	496.188	27.347	0.000	0.000	57.372	19.759	153600000	307197952	153600000
TAR-SCALE rewriter	delete-first	100000	418.228	32.562	0.000	0.000	925.993	0.000	0	0	153600000
TAR-SCALE updater	delete-last	100000	490.470	27.304	0.000	0.000	5.324	0.124	1536	1024	153600000
TAR-SCALE rewriter	delete-last	100000	413.968	32.377	0.000	0.000	930.071	0.000	0	0	153600000
TAR-SCALE updater	rename-same	100000	493.962	0.000	26.646	0.000	6.271	0.085	10752	1024	153610240
TAR-SCALE rewriter	rename-same	100000	416.282	0.000	31.841	0.000	930.888	0.000	0	0	153610240
TAR-SCALE updater	rename-diff	100000	481.876	0.000	27.314	0.000	51.682	10.274	76810240	153600000	153610240
TAR-SCALE rewriter	rename-diff	100000	411.274	0.000	31.816	0.000	921.827	0.000	0	0	153610240
TAR-SCALE updater	append	100000	490.828	0.000	0.000	31.032	4.159	0.059	8704	1024	153610240
TAR-SCALE rewriter	append	100000	422.672	0.000	0.000	34.229	922.059	0.000	0	0	153610240
TAR-SCALE updater	replace	100000	487.648	29.162	0.000	33.167	49.138	10.137	76808704	153598976	153610240
TAR-SCALE rewriter	replace	100000	407.357	31.873	0.000	0.008	913.050	0.000	0	0	153610240
