TAR-SCALE editor	op	entries	open_ms	remove_ms	rename_ms	add_ms	commit_ms	verification_ms	copy_engine_writes	verification_reads	output_bytes
TAR-SCALE updater	delete-first	100000	492.216	27.289	0.000	0.000	65.402	19.918	153600000	307197952	153600000
TAR-SCALE rewriter	delete-first	100000	417.991	32.545	0.000	0.000	1021.871	0.000	0	0	153600000
TAR-SCALE updater	delete-last	100000	484.395	27.087	0.000	0.000	6.187	0.203	1536	1024	153600000
TAR-SCALE rewriter	delete-last	100000	417.840	32.394	0.000	0.000	920.530	0.000	0	0	153600000
TAR-SCALE updater	rename-same	100000	483.801	0.000	26.843	0.000	6.323	0.181	10752	1024	153610240
TAR-SCALE rewriter	rename-same	100000	411.608	0.000	31.849	0.000	924.486	0.000	0	0	153610240
TAR-SCALE updater	rename-diff	100000	480.170	0.000	26.994	0.000	63.555	10.570	76810240	153600000	153610240
TAR-SCALE rewriter	rename-diff	100000	409.939	0.000	32.491	0.000	931.006	0.000	0	0	153610240
TAR-SCALE updater	append	100000	482.391	0.000	0.000	30.316	4.339	0.153	8704	1024	153610240
TAR-SCALE rewriter	append	100000	413.601	0.000	0.000	32.053	943.015	0.000	0	0	153610240
TAR-SCALE updater	replace	100000	499.201	27.916	0.000	32.178	56.009	11.309	76808704	153598976	153610240
TAR-SCALE rewriter	replace	100000	416.404	34.273	0.000	0.010	979.314	0.000	0	0	153610240
