TAR-SCALE editor	op	entries	open_ms	remove_ms	rename_ms	add_ms	commit_ms	verification_ms	copy_engine_writes	verification_reads	output_bytes
TAR-SCALE updater	delete-first	100000	489.797	27.637	0.000	0.000	59.940	19.529	153600000	307197952	153600000
TAR-SCALE rewriter	delete-first	100000	412.445	33.633	0.000	0.000	950.830	0.000	0	0	153600000
TAR-SCALE updater	delete-last	100000	481.906	26.641	0.000	0.000	5.454	0.161	1536	1024	153600000
TAR-SCALE rewriter	delete-last	100000	407.732	32.180	0.000	0.000	924.338	0.000	0	0	153600000
TAR-SCALE updater	rename-same	100000	482.330	0.000	26.781	0.000	6.366	0.175	10752	1024	153610240
TAR-SCALE rewriter	rename-same	100000	409.006	0.000	32.991	0.000	929.500	0.000	0	0	153610240
TAR-SCALE updater	rename-diff	100000	481.230	0.000	27.118	0.000	53.559	10.617	76810240	153600000	153610240
TAR-SCALE rewriter	rename-diff	100000	406.441	0.000	32.392	0.000	922.793	0.000	0	0	153610240
TAR-SCALE updater	append	100000	484.799	0.000	0.000	30.599	4.511	0.061	8704	1024	153610240
TAR-SCALE rewriter	append	100000	415.024	0.000	0.000	34.158	922.325	0.000	0	0	153610240
TAR-SCALE updater	replace	100000	481.397	26.583	0.000	32.290	49.527	10.426	76808704	153598976	153610240
TAR-SCALE rewriter	replace	100000	409.499	32.612	0.000	0.007	922.153	0.000	0	0	153610240
