TAR-SCALE editor	op	entries	open_ms	remove_ms	rename_ms	add_ms	commit_ms	verification_ms	copy_engine_writes	verification_reads	output_bytes
TAR-SCALE updater	delete-first	100000	497.526	27.327	0.000	0.000	56.025	18.948	153600000	307197952	153600000
TAR-SCALE rewriter	delete-first	100000	415.258	32.902	0.000	0.000	926.237	0.000	0	0	153600000
TAR-SCALE updater	delete-last	100000	491.561	27.291	0.000	0.000	6.249	0.176	1536	1024	153600000
TAR-SCALE rewriter	delete-last	100000	418.411	32.207	0.000	0.000	929.241	0.000	0	0	153600000
TAR-SCALE updater	rename-same	100000	495.880	0.000	26.764	0.000	6.681	0.374	10752	1024	153610240
TAR-SCALE rewriter	rename-same	100000	419.642	0.000	32.215	0.000	932.255	0.000	0	0	153610240
TAR-SCALE updater	rename-diff	100000	492.430	0.000	27.001	0.000	56.018	9.930	76810240	153600000	153610240
TAR-SCALE rewriter	rename-diff	100000	417.855	0.000	32.396	0.000	928.447	0.000	0	0	153610240
TAR-SCALE updater	append	100000	489.402	0.000	0.000	30.901	4.422	0.158	8704	1024	153610240
TAR-SCALE rewriter	append	100000	424.576	0.000	0.000	32.315	922.388	0.000	0	0	153610240
TAR-SCALE updater	replace	100000	490.876	26.847	0.000	32.528	49.983	9.930	76808704	153598976	153610240
TAR-SCALE rewriter	replace	100000	417.655	32.223	0.000	0.008	926.089	0.000	0	0	153610240
