7Z-SCALE-PROCESS	pid=61899	outputs=$SP/p6acc/N/GyoshukuKit/.build/verification/7z-scale
7Z-SCALE	fixture	operation	engine	repeat	open_ms	mutate_ms	commit_ms	plan_ms	password_ms	scratch_encode_ms	scratch_copy_ms	packs_ms	header_ms	V1_ms	V2_ms	V3_ms	V3a_ms	output_bytes	load1	load5	load15
7Z-SCALE	g_real	rename	updater	0	4.652	0.446	5.183	0.385	0.010	0.000	0.000	1.785	0.317	2.400	0.004	0.001	0.000	85726983	4.39	7.64	9.65
7Z-SCALE	g_real	rename	updater	1	4.282	0.423	4.248	0.355	0.001	0.000	0.000	1.055	0.263	2.301	0.003	0.002	0.000	85726983	4.39	7.64	9.65
7Z-SCALE	g_real	rename	updater	2	4.167	0.403	3.822	0.334	0.001	0.000	0.000	0.683	0.267	2.269	0.002	0.001	0.000	85726983	4.39	7.64	9.65
7Z-SCALE	g_real	rename	updater	3	4.113	0.402	3.793	0.323	0.001	0.000	0.000	0.721	0.251	2.218	0.002	0.001	0.000	85726983	4.39	7.64	9.65
7Z-SCALE	g_real	rename	updater	4	4.058	0.393	3.741	0.337	0.001	0.000	0.000	0.692	0.256	2.192	0.002	0.001	0.000	85726983	4.39	7.64	9.65
7Z-SCALE-MEDIAN	g_real	rename	updater	open_ms=4.167	commit_ms=3.822
7Z-SCALE	g_real	rename	rewriter	0	3.468	0.441	20315.837	0.000	0.000	0.000	0.000	0.000	0.000	0.000	0.000	0.000	0.000	85726983	4.39	7.64	9.65
7Z-SCALE	g_real	rename	rewriter	1	3.490	0.430	20201.332	0.000	0.000	0.000	0.000	0.000	0.000	0.000	0.000	0.000	0.000	85726983	5.98	7.80	9.66
7Z-SCALE	g_real	rename	rewriter	2	3.553	0.425	20658.662	0.000	0.000	0.000	0.000	0.000	0.000	0.000	0.000	0.000	0.000	85726983	7.08	7.92	9.66
7Z-SCALE	g_real	rename	rewriter	3	3.607	0.445	20438.747	0.000	0.000	0.000	0.000	0.000	0.000	0.000	0.000	0.000	0.000	85726983	8.18	8.12	9.69
7Z-SCALE	g_real	rename	rewriter	4	3.482	0.421	20699.378	0.000	0.000	0.000	0.000	0.000	0.000	0.000	0.000	0.000	0.000	85726983	9.28	8.37	9.74
7Z-SCALE-MEDIAN	g_real	rename	rewriter	open_ms=3.490	commit_ms=20438.747
7Z-SCALE	g_real	last	updater	0	9.134	0.410	4.155	0.344	0.001	0.000	0.000	1.062	0.262	2.201	0.003	0.002	0.001	85724621	9.41	8.46	9.74
7Z-SCALE	g_real	last	updater	1	4.049	0.384	3.720	0.330	0.001	0.000	0.000	0.723	0.257	2.141	0.002	0.001	0.000	85724621	9.41	8.46	9.74
7Z-SCALE	g_real	last	updater	2	3.951	0.392	3.784	0.321	0.001	0.000	0.000	0.772	0.242	2.174	0.003	0.001	0.000	85724621	9.41	8.46	9.74
7Z-SCALE	g_real	last	updater	3	4.002	0.381	3.735	0.331	0.001	0.000	0.000	0.738	0.254	2.148	0.003	0.001	0.000	85724621	9.41	8.46	9.74
7Z-SCALE	g_real	last	updater	4	3.985	0.394	3.730	0.325	0.001	0.000	0.000	0.738	0.243	2.153	0.002	0.001	0.000	85724621	9.41	8.46	9.74
7Z-SCALE-MEDIAN	g_real	last	updater	open_ms=4.002	commit_ms=3.735
7Z-SCALE	g_real	last	rewriter	0	3.418	0.439	23662.166	0.000	0.000	0.000	0.000	0.000	0.000	0.000	0.000	0.000	0.000	85724621	9.41	8.46	9.74
7Z-SCALE	g_real	last	rewriter	1	3.556	0.429	20761.373	0.000	0.000	0.000	0.000	0.000	0.000	0.000	0.000	0.000	0.000	85724621	11.21	8.95	9.88
7Z-SCALE	g_real	last	rewriter	2	3.558	0.443	20584.116	0.000	0.000	0.000	0.000	0.000	0.000	0.000	0.000	0.000	0.000	85724621	11.13	9.08	9.91
7Z-SCALE	g_real	last	rewriter	3	3.544	0.438	21312.894	0.000	0.000	0.000	0.000	0.000	0.000	0.000	0.000	0.000	0.000	85724621	11.41	9.29	9.96
7Z-SCALE	g_real	last	rewriter	4	3.491	0.424	21104.612	0.000	0.000	0.000	0.000	0.000	0.000	0.000	0.000	0.000	0.000	85724621	11.17	9.41	9.98
7Z-SCALE-MEDIAN	g_real	last	rewriter	open_ms=3.544	commit_ms=21104.612
7Z-SCALE	g_real	add	updater	0	5.360	0.678	3.928	0.327	0.001	0.000	0.000	0.514	0.263	2.167	0.002	0.036	0.000	85727048	11.36	9.56	10.02
7Z-SCALE	g_real	add	updater	1	4.074	0.681	3.836	0.325	0.001	0.000	0.000	0.485	0.252	2.203	0.002	0.032	0.000	85727048	11.36	9.56	10.02
7Z-SCALE	g_real	add	updater	2	4.065	0.639	3.853	0.316	0.001	0.000	0.000	0.522	0.246	2.144	0.002	0.028	0.000	85727048	11.36	9.56	10.02
7Z-SCALE	g_real	add	updater	3	3.988	0.644	3.815	0.311	0.001	0.000	0.000	0.484	0.245	2.172	0.002	0.026	0.000	85727048	11.36	9.56	10.02
7Z-SCALE	g_real	add	updater	4	3.965	0.635	7.578	0.303	0.001	0.000	0.000	0.430	0.243	2.205	0.002	0.026	0.000	85727048	11.36	9.56	10.02
7Z-SCALE-MEDIAN	g_real	add	updater	open_ms=4.065	commit_ms=3.853
7Z-SCALE	g_real	add	rewriter	0	3.403	0.463	20850.568	0.000	0.000	0.000	0.000	0.000	0.000	0.000	0.000	0.000	0.000	85727048	11.36	9.56	10.02
7Z-SCALE	g_real	add	rewriter	1	3.562	0.440	20242.592	0.000	0.000	0.000	0.000	0.000	0.000	0.000	0.000	0.000	0.000	85727048	11.24	9.65	10.04
7Z-SCALE	g_real	add	rewriter	2	3.581	0.431	20542.775	0.000	0.000	0.000	0.000	0.000	0.000	0.000	0.000	0.000	0.000	85727048	10.89	9.67	10.04
7Z-SCALE	g_real	add	rewriter	3	3.576	0.464	20777.915	0.000	0.000	0.000	0.000	0.000	0.000	0.000	0.000	0.000	0.000	85727048	11.17	9.81	10.08
7Z-SCALE	g_real	add	rewriter	4	3.747	0.468	21279.454	0.000	0.000	0.000	0.000	0.000	0.000	0.000	0.000	0.000	0.000	85727048	11.91	10.07	10.17
7Z-SCALE-MEDIAN	g_real	add	rewriter	open_ms=3.576	commit_ms=20777.915
7Z-SCALE	g_real	first	updater	0	4.400	0.382	7.120	0.331	0.001	0.001	0.000	3.133	0.268	2.194	0.914	0.002	0.000	1582404	11.48	10.13	10.19
7Z-SCALE	g_real	first	updater	1	4.085	0.387	5.842	0.329	0.001	0.001	0.000	1.917	0.249	2.170	0.902	0.001	0.000	1582404	11.48	10.13	10.19
7Z-SCALE	g_real	first	updater	2	4.060	0.387	6.014	0.337	0.001	0.000	0.000	2.048	0.249	2.201	0.908	0.001	0.000	1582404	11.48	10.13	10.19
7Z-SCALE	g_real	first	updater	3	4.136	0.396	5.762	0.323	0.001	0.000	0.000	1.878	0.249	2.168	0.878	0.001	0.000	1582404	11.48	10.13	10.19
7Z-SCALE	g_real	first	updater	4	4.212	0.394	6.223	0.325	0.001	0.001	0.000	2.227	0.256	2.231	0.901	0.002	0.000	1582404	11.48	10.13	10.19
7Z-SCALE-MEDIAN	g_real	first	updater	open_ms=4.136	commit_ms=6.014
7Z-SCALE	g_real	first	rewriter	0	3.595	0.442	79.178	0.000	0.000	0.000	0.000	0.000	0.000	0.000	0.000	0.000	0.000	1582404	11.48	10.13	10.19
7Z-SCALE	g_real	first	rewriter	1	3.582	0.431	78.936	0.000	0.000	0.000	0.000	0.000	0.000	0.000	0.000	0.000	0.000	1582404	11.48	10.13	10.19
7Z-SCALE	g_real	first	rewriter	2	3.554	0.427	79.247	0.000	0.000	0.000	0.000	0.000	0.000	0.000	0.000	0.000	0.000	1582404	11.48	10.13	10.19
7Z-SCALE	g_real	first	rewriter	3	3.550	0.433	78.271	0.000	0.000	0.000	0.000	0.000	0.000	0.000	0.000	0.000	0.000	1582404	11.48	10.13	10.19
7Z-SCALE	g_real	first	rewriter	4	3.507	0.443	85.402	0.000	0.000	0.000	0.000	0.000	0.000	0.000	0.000	0.000	0.000	1582404	11.48	10.13	10.19
7Z-SCALE-MEDIAN	g_real	first	rewriter	open_ms=3.554	commit_ms=79.178
7Z-SCALE	g_real	middle	updater	0	4.419	0.409	6.278	0.352	0.001	0.001	0.000	2.689	0.272	2.232	0.451	0.002	0.000	85725455	11.48	10.13	10.19
7Z-SCALE	g_real	middle	updater	1	4.212	0.399	5.113	0.343	0.001	0.000	0.000	1.580	0.254	2.200	0.454	0.002	0.000	85725455	11.48	10.13	10.19
7Z-SCALE	g_real	middle	updater	2	4.127	0.395	4.929	0.346	0.001	0.001	0.000	1.392	0.264	2.194	0.450	0.002	0.000	85725455	11.48	10.13	10.19
7Z-SCALE	g_real	middle	updater	3	4.131	0.390	5.126	0.330	0.001	0.001	0.000	1.458	0.252	2.283	0.456	0.002	0.000	85725455	11.48	10.13	10.19
7Z-SCALE	g_real	middle	updater	4	4.153	0.397	4.943	0.337	0.001	0.001	0.000	1.399	0.275	2.208	0.448	0.001	0.000	85725455	11.48	10.13	10.19
7Z-SCALE-MEDIAN	g_real	middle	updater	open_ms=4.153	commit_ms=5.113
7Z-SCALE	g_real	middle	rewriter	0	3.525	0.442	21691.552	0.000	0.000	0.000	0.000	0.000	0.000	0.000	0.000	0.000	0.000	85725455	11.48	10.13	10.19
7Z-SCALE	g_real	middle	rewriter	1	3.576	0.437	21491.796	0.000	0.000	0.000	0.000	0.000	0.000	0.000	0.000	0.000	0.000	85725455	12.09	10.35	10.26
7Z-SCALE	g_real	middle	rewriter	2	3.571	0.439	20240.159	0.000	0.000	0.000	0.000	0.000	0.000	0.000	0.000	0.000	0.000	85725455	11.97	10.44	10.30
7Z-SCALE	g_real	middle	rewriter	3	3.484	0.416	20115.260	0.000	0.000	0.000	0.000	0.000	0.000	0.000	0.000	0.000	0.000	85725455	11.48	10.42	10.29
7Z-SCALE	g_real	middle	rewriter	4	3.459	0.419	20847.215	0.000	0.000	0.000	0.000	0.000	0.000	0.000	0.000	0.000	0.000	85725455	11.32	10.46	10.31
7Z-SCALE-MEDIAN	g_real	middle	rewriter	open_ms=3.525	commit_ms=20847.215
7Z-SCALE	g_k100	rename	updater	0	412.453	47.660	349.194	35.329	0.052	0.027	0.000	5.800	24.159	241.089	0.082	0.145	0.032	6815829	10.47	10.34	10.27
7Z-SCALE	g_k100	rename	updater	1	413.954	45.396	325.243	35.360	0.053	0.029	0.000	4.692	23.296	234.733	0.081	0.154	0.035	6815829	10.47	10.34	10.27
7Z-SCALE	g_k100	rename	updater	2	414.797	47.129	322.542	35.448	0.054	0.033	0.000	5.974	23.842	230.400	0.083	0.231	0.030	6815829	10.47	10.34	10.27
7Z-SCALE	g_k100	rename	updater	3	411.313	46.409	320.737	32.650	0.053	0.028	0.000	5.295	25.246	231.289	0.084	0.151	0.032	6815829	10.47	10.34	10.27
7Z-SCALE	g_k100	rename	updater	4	405.902	46.196	307.964	31.210	0.054	0.030	0.000	5.402	23.849	221.344	0.091	0.160	0.031	6815829	10.47	10.34	10.27
7Z-SCALE-MEDIAN	g_k100	rename	updater	open_ms=412.453	commit_ms=322.542
7Z-SCALE	g_k100	rename	rewriter	0	372.020	55.159	3659.113	0.000	0.000	0.000	0.000	0.000	0.000	0.000	0.000	0.000	0.000	6815829	10.47	10.34	10.27
7Z-SCALE	g_k100	rename	rewriter	1	366.025	57.500	3760.746	0.000	0.000	0.000	0.000	0.000	0.000	0.000	0.000	0.000	0.000	6815829	10.20	10.28	10.25
7Z-SCALE	g_k100	rename	rewriter	2	372.761	54.432	3760.951	0.000	0.000	0.000	0.000	0.000	0.000	0.000	0.000	0.000	0.000	6815829	10.10	10.26	10.24
7Z-SCALE	g_k100	rename	rewriter	3	369.974	54.510	3776.506	0.000	0.000	0.000	0.000	0.000	0.000	0.000	0.000	0.000	0.000	6815829	9.93	10.22	10.23
7Z-SCALE	g_k100	rename	rewriter	4	368.635	54.731	3756.427	0.000	0.000	0.000	0.000	0.000	0.000	0.000	0.000	0.000	0.000	6815829	9.70	10.17	10.21
7Z-SCALE-MEDIAN	g_k100	rename	rewriter	open_ms=369.974	commit_ms=3760.746
7Z-SCALE	g_k100	first	updater	0	400.516	46.445	400.904	33.872	0.052	0.029	0.000	34.612	23.394	223.485	59.064	0.142	0.031	6815765	9.64	10.15	10.20
7Z-SCALE	g_k100	first	updater	1	400.439	46.382	398.987	33.338	0.054	0.029	0.000	33.536	23.646	223.457	58.571	0.142	0.030	6815765	9.64	10.15	10.20
7Z-SCALE	g_k100	first	updater	2	401.844	46.413	398.964	33.370	0.052	0.029	0.000	33.898	23.294	222.860	58.674	0.148	0.031	6815765	9.64	10.15	10.20
7Z-SCALE	g_k100	first	updater	3	401.770	46.661	400.895	33.831	0.053	0.029	0.000	33.626	23.394	224.113	58.794	0.142	0.033	6815765	9.64	10.15	10.20
7Z-SCALE	g_k100	first	updater	4	401.589	46.354	398.940	33.288	0.053	0.028	0.000	33.657	23.565	222.501	58.643	0.143	0.032	6815765	9.64	10.15	10.20
7Z-SCALE-MEDIAN	g_k100	first	updater	open_ms=401.589	commit_ms=398.987
7Z-SCALE	g_k100	first	rewriter	0	373.722	55.042	3767.535	0.000	0.000	0.000	0.000	0.000	0.000	0.000	0.000	0.000	0.000	6815765	9.64	10.15	10.20
7Z-SCALE	g_k100	first	rewriter	1	367.676	56.189	3824.683	0.000	0.000	0.000	0.000	0.000	0.000	0.000	0.000	0.000	0.000	6815765	9.11	10.03	10.16
7Z-SCALE	g_k100	first	rewriter	2	369.918	55.303	3840.888	0.000	0.000	0.000	0.000	0.000	0.000	0.000	0.000	0.000	0.000	6815765	10.54	10.31	10.26
7Z-SCALE	g_k100	first	rewriter	3	370.205	54.190	3870.867	0.000	0.000	0.000	0.000	0.000	0.000	0.000	0.000	0.000	0.000	6815765	10.26	10.26	10.24
7Z-SCALE	g_k100	first	rewriter	4	370.346	56.249	3872.375	0.000	0.000	0.000	0.000	0.000	0.000	0.000	0.000	0.000	0.000	6815765	10.24	10.25	10.24
7Z-SCALE-MEDIAN	g_k100	first	rewriter	open_ms=370.205	commit_ms=3840.888
7Z-SCALE	z_k100	rename	updater	0	363.374	46.741	400.892	8.726	0.000	0.000	0.000	2.778	190.112	186.991	0.004	0.090	0.000	228446	10.22	10.25	10.24
7Z-SCALE	z_k100	rename	updater	1	361.502	46.342	392.132	7.185	0.000	0.000	0.000	2.091	190.093	180.438	0.004	0.116	0.000	228446	10.22	10.25	10.24
7Z-SCALE	z_k100	rename	updater	2	358.384	46.860	391.908	7.451	0.000	0.000	0.000	2.144	189.688	180.312	0.005	0.101	0.000	228446	10.22	10.25	10.24
7Z-SCALE	z_k100	rename	updater	3	358.132	46.202	388.580	7.239	0.000	0.000	0.000	2.545	188.939	177.724	0.006	0.090	0.000	228446	10.22	10.25	10.24
7Z-SCALE	z_k100	rename	updater	4	355.627	46.290	387.483	7.189	0.000	0.000	0.000	1.309	189.955	177.050	0.005	0.087	0.000	228446	10.22	10.25	10.24
7Z-SCALE-MEDIAN	z_k100	rename	updater	open_ms=358.384	commit_ms=391.908
7Z-SCALE	z_k100	rename	rewriter	0	339.282	53.936	3710.947	0.000	0.000	0.000	0.000	0.000	0.000	0.000	0.000	0.000	0.000	6815829	9.88	10.18	10.21
7Z-SCALE	z_k100	rename	rewriter	1	343.113	53.918	3768.804	0.000	0.000	0.000	0.000	0.000	0.000	0.000	0.000	0.000	0.000	6815829	9.88	10.18	10.21
7Z-SCALE	z_k100	rename	rewriter	2	353.882	55.083	3785.432	0.000	0.000	0.000	0.000	0.000	0.000	0.000	0.000	0.000	0.000	6815829	9.65	10.12	10.19
7Z-SCALE	z_k100	rename	rewriter	3	344.448	55.313	3798.906	0.000	0.000	0.000	0.000	0.000	0.000	0.000	0.000	0.000	0.000	6815829	9.52	10.09	10.18
7Z-SCALE	z_k100	rename	rewriter	4	342.670	54.403	3840.937	0.000	0.000	0.000	0.000	0.000	0.000	0.000	0.000	0.000	0.000	6815829	9.31	10.04	10.16
7Z-SCALE-MEDIAN	z_k100	rename	rewriter	open_ms=343.113	commit_ms=3785.432
7Z-SCALE	z_k100	first	updater	0	356.463	46.174	935.928	28.873	0.000	132.254	0.011	2.518	185.504	176.266	0.005	398.316	0.000	242042	9.29	10.02	10.16
7Z-SCALE	z_k100	first	updater	1	358.058	45.763	940.148	29.032	0.000	130.664	0.006	2.768	185.704	177.345	0.005	402.278	0.000	242042	9.29	10.02	10.16
7Z-SCALE	z_k100	first	updater	2	355.226	45.950	937.023	28.449	0.000	132.651	0.010	2.766	185.669	176.005	0.004	399.306	0.000	242042	9.29	10.02	10.16
7Z-SCALE	z_k100	first	updater	3	355.307	45.900	936.770	28.387	0.000	131.328	0.010	2.408	185.896	178.354	0.004	398.064	0.000	242042	9.02	9.95	10.13
7Z-SCALE	z_k100	first	updater	4	354.510	45.784	930.939	28.075	0.000	130.358	0.007	2.505	185.497	173.934	0.005	398.716	0.000	242042	9.02	9.95	10.13
7Z-SCALE-MEDIAN	z_k100	first	updater	open_ms=355.307	commit_ms=936.770
7Z-SCALE	z_k100	first	rewriter	0	339.442	54.276	3860.665	0.000	0.000	0.000	0.000	0.000	0.000	0.000	0.000	0.000	0.000	6815765	9.02	9.95	10.13
7Z-SCALE	z_k100	first	rewriter	1	341.920	54.001	3684.196	0.000	0.000	0.000	0.000	0.000	0.000	0.000	0.000	0.000	0.000	6815765	8.86	9.90	10.11
7Z-SCALE	z_k100	first	rewriter	2	345.387	55.021	3732.400	0.000	0.000	0.000	0.000	0.000	0.000	0.000	0.000	0.000	0.000	6815765	8.63	9.84	10.09
7Z-SCALE	z_k100	first	rewriter	3	343.333	55.556	3781.714	0.000	0.000	0.000	0.000	0.000	0.000	0.000	0.000	0.000	0.000	6815765	8.66	9.82	10.08
7Z-SCALE	z_k100	first	rewriter	4	341.901	53.924	3787.708	0.000	0.000	0.000	0.000	0.000	0.000	0.000	0.000	0.000	0.000	6815765	8.66	9.82	10.08
7Z-SCALE-MEDIAN	z_k100	first	rewriter	open_ms=341.920	commit_ms=3781.714
7Z-SCALE	z_real_default	rename	updater	0	3.714	0.390	8.179	0.081	0.000	0.000	0.000	1.713	4.465	1.785	0.002	0.001	0.000	81364785	8.29	9.73	10.05
7Z-SCALE	z_real_default	rename	updater	1	3.622	0.380	7.148	0.073	0.000	0.000	0.000	0.929	4.275	1.732	0.001	0.001	0.000	81364785	8.29	9.73	10.05
7Z-SCALE	z_real_default	rename	updater	2	3.601	0.387	6.865	0.071	0.000	0.000	0.000	0.649	4.268	1.747	0.001	0.001	0.000	81364785	8.29	9.73	10.05
7Z-SCALE	z_real_default	rename	updater	3	3.578	0.375	6.920	0.070	0.000	0.000	0.000	0.791	4.200	1.727	0.001	0.001	0.000	81364785	8.29	9.73	10.05
7Z-SCALE	z_real_default	rename	updater	4	3.565	0.382	6.920	0.071	0.000	0.000	0.000	0.730	4.265	1.716	0.001	0.001	0.000	81364785	8.29	9.73	10.05
7Z-SCALE-MEDIAN	z_real_default	rename	updater	open_ms=3.601	commit_ms=6.920
7Z-SCALE	z_real_default	rename	rewriter	0	3.163	0.425	20152.453	0.000	0.000	0.000	0.000	0.000	0.000	0.000	0.000	0.000	0.000	85726983	8.29	9.73	10.05
7Z-SCALE	z_real_default	rename	rewriter	1	3.241	0.424	20253.648	0.000	0.000	0.000	0.000	0.000	0.000	0.000	0.000	0.000	0.000	85726983	8.74	9.74	10.04
7Z-SCALE	z_real_default	rename	rewriter	2	3.544	0.441	20400.676	0.000	0.000	0.000	0.000	0.000	0.000	0.000	0.000	0.000	0.000	85726983	9.00	9.74	10.04
7Z-SCALE	z_real_default	rename	rewriter	3	3.336	0.421	20110.194	0.000	0.000	0.000	0.000	0.000	0.000	0.000	0.000	0.000	0.000	85726983	10.16	9.96	10.11
7Z-SCALE	z_real_default	rename	rewriter	4	3.311	0.424	20140.841	0.000	0.000	0.000	0.000	0.000	0.000	0.000	0.000	0.000	0.000	85726983	10.00	9.94	10.09
7Z-SCALE-MEDIAN	z_real_default	rename	rewriter	open_ms=3.311	commit_ms=20152.453
7Z-SCALE	z_real_default	first	updater	0	5.961	0.396	21997.042	0.333	0.000	20193.266	16.184	19.344	4.402	1.891	0.004	1777.631	0.000	85088977	9.77	9.88	10.07
7Z-SCALE	z_real_default	first	updater	1	4.241	0.391	22040.006	0.341	0.000	20196.338	30.383	33.727	4.387	1.875	0.004	1803.162	0.000	85088977	9.30	9.76	10.02
7Z-SCALE	z_real_default	first	updater	2	4.246	0.393	22159.833	0.330	0.000	20342.149	23.034	26.487	4.477	1.895	0.004	1784.321	0.000	85088977	9.80	9.84	10.04
7Z-SCALE	z_real_default	first	updater	3	4.197	0.398	21948.590	0.334	0.000	20134.759	22.272	25.652	4.389	1.848	0.003	1781.439	0.000	85088977	9.59	9.80	10.02
7Z-SCALE	z_real_default	first	updater	4	4.244	0.388	22009.318	0.327	0.000	20191.840	17.238	20.483	4.398	1.846	0.004	1790.265	0.000	85088977	10.62	10.03	10.10
7Z-SCALE-MEDIAN	z_real_default	first	updater	open_ms=4.244	commit_ms=22009.318
7Z-SCALE	z_real_default	first	rewriter	0	3.327	0.418	20061.506	0.000	0.000	0.000	0.000	0.000	0.000	0.000	0.000	0.000	0.000	85726075	10.85	10.13	10.13
7Z-SCALE	z_real_default	first	rewriter	1	3.279	0.420	20426.978	0.000	0.000	0.000	0.000	0.000	0.000	0.000	0.000	0.000	0.000	85726075	10.51	10.09	10.11
7Z-SCALE	z_real_default	first	rewriter	2	3.353	0.431	20557.124	0.000	0.000	0.000	0.000	0.000	0.000	0.000	0.000	0.000	0.000	85726075	9.76	9.94	10.06
7Z-SCALE	z_real_default	first	rewriter	3	3.352	0.432	20052.512	0.000	0.000	0.000	0.000	0.000	0.000	0.000	0.000	0.000	0.000	85726075	9.75	9.92	10.05
7Z-SCALE	z_real_default	first	rewriter	4	3.328	0.418	20233.928	0.000	0.000	0.000	0.000	0.000	0.000	0.000	0.000	0.000	0.000	85726075	9.66	9.89	10.04
7Z-SCALE-MEDIAN	z_real_default	first	rewriter	open_ms=3.328	commit_ms=20233.928
7Z-SCALE	plain256	set	updater	0	4.722	0.051	321.996	0.386	6.003	0.000	0.000	149.141	0.399	2.981	0.005	0.002	162.632	137292088	9.85	9.91	10.03
7Z-SCALE	plain256	set	updater	1	4.910	0.023	266.587	0.380	5.442	0.001	0.000	124.091	0.412	2.833	0.005	0.002	133.005	137292088	9.85	9.91	10.03
7Z-SCALE	plain256	set	updater	2	4.851	0.023	272.820	0.386	5.423	0.000	0.000	130.680	0.395	2.857	0.005	0.002	132.656	137292088	9.85	9.91	10.03
7Z-SCALE	plain256	set	updater	3	4.985	0.025	269.594	0.384	5.644	0.001	0.000	127.253	0.398	2.819	0.005	0.002	132.667	137292088	9.85	9.91	10.03
7Z-SCALE	plain256	set	updater	4	4.962	0.026	270.689	0.380	5.457	0.000	0.000	128.679	0.413	2.793	0.004	0.002	132.558	137292088	9.85	9.91	10.03
7Z-SCALE-MEDIAN	plain256	set	updater	open_ms=4.910	commit_ms=270.689
7Z-SCALE	plain256	set	rewriter	0	4.117	0.024	11254.028	0.000	0.000	0.000	0.000	0.000	0.000	0.000	0.000	0.000	0.000	137292088	9.85	9.91	10.03
7Z-SCALE	plain256	set	rewriter	1	4.119	0.002	11205.103	0.000	0.000	0.000	0.000	0.000	0.000	0.000	0.000	0.000	0.000	137292088	10.04	9.94	10.04
7Z-SCALE	plain256	set	rewriter	2	4.154	0.002	11172.690	0.000	0.000	0.000	0.000	0.000	0.000	0.000	0.000	0.000	0.000	137292088	14.82	11.01	10.42
7Z-SCALE	plain256	set	rewriter	3	4.131	0.002	11150.949	0.000	0.000	0.000	0.000	0.000	0.000	0.000	0.000	0.000	0.000	137292088	14.49	11.05	10.45
7Z-SCALE	plain256	set	rewriter	4	4.134	0.002	11082.147	0.000	0.000	0.000	0.000	0.000	0.000	0.000	0.000	0.000	0.000	137292088	13.80	11.02	10.44
7Z-SCALE-MEDIAN	plain256	set	rewriter	open_ms=4.131	commit_ms=11172.690
7Z-SCALE	aes256	change	updater	0	5.227	0.057	521.076	0.485	100.632	0.000	0.000	286.640	0.417	2.989	0.005	0.002	129.491	137292088	12.86	11.01	10.45
7Z-SCALE	aes256	change	updater	1	5.560	0.054	471.315	0.489	100.790	0.001	0.000	235.175	0.411	2.838	0.004	0.002	131.195	137292088	12.86	11.01	10.45
7Z-SCALE	aes256	change	updater	2	6.190	0.051	473.042	0.492	100.541	0.000	0.000	237.254	0.396	2.866	0.005	0.002	131.078	137292088	12.86	11.01	10.45
7Z-SCALE	aes256	change	updater	3	6.469	0.050	461.579	0.472	100.254	0.001	0.000	226.263	0.397	2.824	0.005	0.002	130.950	137292088	12.86	11.01	10.45
7Z-SCALE	aes256	change	updater	4	6.177	0.050	463.580	0.468	100.455	0.000	0.000	227.804	0.398	2.829	0.004	0.002	131.204	137292088	12.86	11.01	10.45
7Z-SCALE-MEDIAN	aes256	change	updater	open_ms=6.177	commit_ms=471.315
7Z-SCALE	aes256	change	rewriter	0	4.578	0.002	11171.749	0.000	0.000	0.000	0.000	0.000	0.000	0.000	0.000	0.000	0.000	137292088	12.86	11.01	10.45
7Z-SCALE	aes256	change	rewriter	1	4.593	0.002	11253.800	0.000	0.000	0.000	0.000	0.000	0.000	0.000	0.000	0.000	0.000	137292088	12.27	10.94	10.43
7Z-SCALE	aes256	change	rewriter	2	4.631	0.002	11203.532	0.000	0.000	0.000	0.000	0.000	0.000	0.000	0.000	0.000	0.000	137292088	11.38	10.81	10.39
7Z-SCALE	aes256	change	rewriter	3	4.668	0.002	11247.708	0.000	0.000	0.000	0.000	0.000	0.000	0.000	0.000	0.000	0.000	137292088	11.17	10.78	10.39
7Z-SCALE	aes256	change	rewriter	4	4.653	0.002	11210.234	0.000	0.000	0.000	0.000	0.000	0.000	0.000	0.000	0.000	0.000	137292088	11.29	10.82	10.41
7Z-SCALE-MEDIAN	aes256	change	rewriter	open_ms=4.631	commit_ms=11210.234
7Z-SCALE	aes256	remove	updater	0	5.523	0.052	272.784	0.392	95.493	0.001	0.000	162.289	0.334	2.450	0.005	0.002	11.449	137251576	11.24	10.83	10.41
7Z-SCALE	aes256	remove	updater	1	5.445	0.052	271.071	0.397	95.881	0.000	0.000	160.216	0.292	2.439	0.004	0.002	11.465	137251576	11.24	10.83	10.41
7Z-SCALE	aes256	remove	updater	2	5.376	0.052	268.515	0.386	95.239	0.001	0.000	158.397	0.303	2.383	0.005	0.002	11.437	137251576	11.24	10.83	10.41
7Z-SCALE	aes256	remove	updater	3	5.371	0.051	267.202	0.387	95.243	0.000	0.000	157.055	0.300	2.420	0.004	0.002	11.429	137251576	11.24	10.83	10.41
7Z-SCALE	aes256	remove	updater	4	5.338	0.050	269.691	0.375	95.087	0.001	0.000	159.642	0.281	2.396	0.003	0.002	11.542	137251576	11.24	10.83	10.41
7Z-SCALE-MEDIAN	aes256	remove	updater	open_ms=5.376	commit_ms=269.691
7Z-SCALE	aes256	remove	rewriter	0	4.561	0.002	11238.012	0.000	0.000	0.000	0.000	0.000	0.000	0.000	0.000	0.000	0.000	137251576	10.58	10.70	10.37
7Z-SCALE	aes256	remove	rewriter	1	4.627	0.002	11107.761	0.000	0.000	0.000	0.000	0.000	0.000	0.000	0.000	0.000	0.000	137251576	10.71	10.72	10.38
7Z-SCALE	aes256	remove	rewriter	2	4.615	0.002	11398.919	0.000	0.000	0.000	0.000	0.000	0.000	0.000	0.000	0.000	0.000	137251576	11.05	10.80	10.41
7Z-SCALE	aes256	remove	rewriter	3	4.827	0.002	11364.074	0.000	0.000	0.000	0.000	0.000	0.000	0.000	0.000	0.000	0.000	137251576	12.89	11.19	10.56
7Z-SCALE	aes256	remove	rewriter	4	4.638	0.002	11246.329	0.000	0.000	0.000	0.000	0.000	0.000	0.000	0.000	0.000	0.000	137251576	12.28	11.14	10.55
7Z-SCALE-MEDIAN	aes256	remove	rewriter	open_ms=4.627	commit_ms=11246.329
