TAR-SCALE editor	op	entries	open_ms	remove_ms	rename_ms	add_ms	commit_ms	verification_ms	copy_engine_writes	verification_reads	output_bytes
TAR-SCALE updater	delete-first	100000	503.295	27.990	0.000	0.000	79.232	19.766	153600000	307197952	153600000
TAR-SCALE rewriter	delete-first	100000	430.294	33.573	0.000	0.000	951.305	0.000	0	0	153600000
TAR-SCALE updater	delete-last	100000	489.710	27.176	0.000	0.000	5.336	0.174	1536	1024	153600000
TAR-SCALE rewriter	delete-last	100000	424.420	31.683	0.000	0.000	998.913	0.000	0	0	153600000
TAR-SCALE updater	rename-same	100000	489.385	0.000	26.963	0.000	6.292	0.173	10752	1024	153610240
TAR-SCALE rewriter	rename-same	100000	429.079	0.000	34.979	0.000	1069.499	0.000	0	0	153610240
TAR-SCALE updater	rename-diff	100000	492.804	0.000	27.574	0.000	54.469	10.849	76810240	153600000	153610240
TAR-SCALE rewriter	rename-diff	100000	419.121	0.000	33.674	0.000	953.900	0.000	0	0	153610240
TAR-SCALE updater	append	100000	486.273	0.000	0.000	30.947	4.594	0.154	8704	1024	153610240
TAR-SCALE rewriter	append	100000	415.654	0.000	0.000	32.186	972.949	0.000	0	0	153610240
TAR-SCALE updater	replace	100000	500.084	27.678	0.000	33.189	49.740	10.928	76808704	153598976	153610240
TAR-SCALE rewriter	replace	100000	426.903	32.471	0.000	0.008	949.676	0.000	0	0	153610240
