7Z-SCALE-PROCESS	pid=57517	outputs=$SP/p6acc/B/GyoshukuKit/.build/verification/7z-scale
7Z-SCALE	fixture	operation	engine	repeat	open_ms	mutate_ms	commit_ms	plan_ms	password_ms	scratch_encode_ms	scratch_copy_ms	packs_ms	header_ms	V1_ms	V2_ms	V3_ms	V3a_ms	output_bytes	load1	load5	load15
7Z-SCALE	g_real	rename	updater	0	4.672	0.443	5.213	0.396	0.001	0.000	0.000	1.784	0.316	2.419	0.002	0.001	0.000	85726983	9.55	11.15	10.79
7Z-SCALE	g_real	rename	updater	1	4.273	0.421	4.183	0.333	0.001	0.000	0.000	1.026	0.265	2.284	0.002	0.002	0.000	85726983	9.55	11.15	10.79
7Z-SCALE	g_real	rename	updater	2	4.225	0.412	3.922	0.328	0.001	0.000	0.000	0.791	0.265	2.265	0.002	0.001	0.000	85726983	9.55	11.15	10.79
7Z-SCALE	g_real	rename	updater	3	4.178	0.403	3.820	0.325	0.001	0.000	0.000	0.738	0.250	2.232	0.002	0.002	0.000	85726983	9.55	11.15	10.79
7Z-SCALE	g_real	rename	updater	4	4.111	0.410	3.678	0.331	0.001	0.000	0.000	0.610	0.255	2.212	0.002	0.001	0.000	85726983	9.55	11.15	10.79
7Z-SCALE-MEDIAN	g_real	rename	updater	open_ms=4.225	commit_ms=3.922
7Z-SCALE	g_real	rename	rewriter	0	3.516	0.450	20976.146	0.000	0.000	0.000	0.000	0.000	0.000	0.000	0.000	0.000	0.000	85726983	9.55	11.15	10.79
7Z-SCALE	g_real	rename	rewriter	1	3.544	0.439	20970.317	0.000	0.000	0.000	0.000	0.000	0.000	0.000	0.000	0.000	0.000	85726983	10.11	11.17	10.81
7Z-SCALE	g_real	rename	rewriter	2	3.597	0.441	20340.574	0.000	0.000	0.000	0.000	0.000	0.000	0.000	0.000	0.000	0.000	85726983	10.51	11.19	10.83
7Z-SCALE	g_real	rename	rewriter	3	3.501	0.440	20219.909	0.000	0.000	0.000	0.000	0.000	0.000	0.000	0.000	0.000	0.000	85726983	10.66	11.18	10.83
7Z-SCALE	g_real	rename	rewriter	4	3.480	0.419	20205.555	0.000	0.000	0.000	0.000	0.000	0.000	0.000	0.000	0.000	0.000	85726983	10.83	11.18	10.84
7Z-SCALE-MEDIAN	g_real	rename	rewriter	open_ms=3.516	commit_ms=20340.574
7Z-SCALE	g_real	last	updater	0	4.388	0.411	3.958	0.336	0.001	0.000	0.000	0.910	0.266	2.176	0.002	0.001	0.000	85724621	10.38	11.06	10.80
7Z-SCALE	g_real	last	updater	1	4.022	0.387	3.889	0.322	0.001	0.000	0.000	0.845	0.261	2.199	0.002	0.001	0.000	85724621	10.38	11.06	10.80
7Z-SCALE	g_real	last	updater	2	4.001	0.398	3.642	0.323	0.001	0.000	0.000	0.642	0.247	2.164	0.002	0.001	0.000	85724621	10.38	11.06	10.80
7Z-SCALE	g_real	last	updater	3	3.966	0.388	3.671	0.325	0.001	0.000	0.000	0.646	0.252	2.179	0.002	0.001	0.000	85724621	10.38	11.06	10.80
7Z-SCALE	g_real	last	updater	4	3.951	0.384	3.621	0.327	0.001	0.000	0.000	0.609	0.249	2.175	0.002	0.001	0.000	85724621	10.38	11.06	10.80
7Z-SCALE-MEDIAN	g_real	last	updater	open_ms=4.001	commit_ms=3.671
7Z-SCALE	g_real	last	rewriter	0	3.444	0.426	20402.677	0.000	0.000	0.000	0.000	0.000	0.000	0.000	0.000	0.000	0.000	85724621	10.38	11.06	10.80
7Z-SCALE	g_real	last	rewriter	1	3.514	0.421	20289.191	0.000	0.000	0.000	0.000	0.000	0.000	0.000	0.000	0.000	0.000	85724621	10.91	11.13	10.83
7Z-SCALE	g_real	last	rewriter	2	3.496	0.427	20240.417	0.000	0.000	0.000	0.000	0.000	0.000	0.000	0.000	0.000	0.000	85724621	9.76	10.85	10.74
7Z-SCALE	g_real	last	rewriter	3	3.587	0.413	20236.161	0.000	0.000	0.000	0.000	0.000	0.000	0.000	0.000	0.000	0.000	85724621	9.93	10.82	10.73
7Z-SCALE	g_real	last	rewriter	4	3.518	0.413	20214.485	0.000	0.000	0.000	0.000	0.000	0.000	0.000	0.000	0.000	0.000	85724621	9.77	10.74	10.70
7Z-SCALE-MEDIAN	g_real	last	rewriter	open_ms=3.514	commit_ms=20240.417
7Z-SCALE	g_real	add	updater	0	4.398	0.681	3.838	0.320	0.001	0.001	0.000	0.427	0.267	2.203	0.002	0.038	0.000	85727048	10.16	10.77	10.71
7Z-SCALE	g_real	add	updater	1	4.033	0.631	3.771	0.312	0.001	0.000	0.000	0.461	0.247	2.168	0.002	0.029	0.000	85727048	10.16	10.77	10.71
7Z-SCALE	g_real	add	updater	2	4.064	0.629	3.729	0.307	0.001	0.000	0.000	0.431	0.251	2.136	0.002	0.028	0.000	85727048	10.16	10.77	10.71
7Z-SCALE	g_real	add	updater	3	4.003	0.626	3.764	0.301	0.001	0.000	0.000	0.433	0.256	2.163	0.002	0.028	0.000	85727048	10.16	10.77	10.71
7Z-SCALE	g_real	add	updater	4	3.977	0.610	3.779	0.301	0.001	0.000	0.000	0.439	0.244	2.175	0.001	0.027	0.000	85727048	10.16	10.77	10.71
7Z-SCALE-MEDIAN	g_real	add	updater	open_ms=4.033	commit_ms=3.771
7Z-SCALE	g_real	add	rewriter	0	3.434	0.447	20266.304	0.000	0.000	0.000	0.000	0.000	0.000	0.000	0.000	0.000	0.000	85727048	10.16	10.77	10.71
7Z-SCALE	g_real	add	rewriter	1	3.525	0.435	20189.020	0.000	0.000	0.000	0.000	0.000	0.000	0.000	0.000	0.000	0.000	85727048	10.07	10.70	10.69
7Z-SCALE	g_real	add	rewriter	2	3.549	0.425	20221.237	0.000	0.000	0.000	0.000	0.000	0.000	0.000	0.000	0.000	0.000	85727048	10.12	10.67	10.68
7Z-SCALE	g_real	add	rewriter	3	3.533	0.435	20324.535	0.000	0.000	0.000	0.000	0.000	0.000	0.000	0.000	0.000	0.000	85727048	10.24	10.66	10.67
7Z-SCALE	g_real	add	rewriter	4	3.507	0.430	20408.698	0.000	0.000	0.000	0.000	0.000	0.000	0.000	0.000	0.000	0.000	85727048	10.49	10.68	10.68
7Z-SCALE-MEDIAN	g_real	add	rewriter	open_ms=3.525	commit_ms=20266.304
7Z-SCALE	g_real	first	updater	0	4.331	0.401	6.991	0.336	0.001	0.001	0.000	2.961	0.263	2.219	0.936	0.001	0.000	1582404	10.86	10.75	10.70
7Z-SCALE	g_real	first	updater	1	4.068	0.386	6.400	0.327	0.001	0.000	0.000	2.470	0.247	2.192	0.903	0.001	0.000	1582404	10.86	10.75	10.70
7Z-SCALE	g_real	first	updater	2	4.033	0.386	5.937	0.317	0.001	0.000	0.000	2.031	0.248	2.164	0.917	0.001	0.000	1582404	10.86	10.75	10.70
7Z-SCALE	g_real	first	updater	3	4.128	0.404	5.903	0.314	0.001	0.000	0.000	1.992	0.246	2.159	0.924	0.001	0.000	1582404	10.86	10.75	10.70
7Z-SCALE	g_real	first	updater	4	3.954	0.389	6.388	0.312	0.001	0.000	0.000	2.499	0.251	2.148	0.919	0.001	0.000	1582404	10.86	10.75	10.70
7Z-SCALE-MEDIAN	g_real	first	updater	open_ms=4.068	commit_ms=6.388
7Z-SCALE	g_real	first	rewriter	0	3.436	0.435	78.080	0.000	0.000	0.000	0.000	0.000	0.000	0.000	0.000	0.000	0.000	1582404	10.86	10.75	10.70
7Z-SCALE	g_real	first	rewriter	1	3.519	0.425	78.593	0.000	0.000	0.000	0.000	0.000	0.000	0.000	0.000	0.000	0.000	1582404	10.86	10.75	10.70
7Z-SCALE	g_real	first	rewriter	2	3.483	0.416	86.119	0.000	0.000	0.000	0.000	0.000	0.000	0.000	0.000	0.000	0.000	1582404	10.86	10.75	10.70
7Z-SCALE	g_real	first	rewriter	3	3.449	0.424	78.352	0.000	0.000	0.000	0.000	0.000	0.000	0.000	0.000	0.000	0.000	1582404	10.86	10.75	10.70
7Z-SCALE	g_real	first	rewriter	4	3.506	0.422	78.716	0.000	0.000	0.000	0.000	0.000	0.000	0.000	0.000	0.000	0.000	1582404	10.86	10.75	10.70
7Z-SCALE-MEDIAN	g_real	first	rewriter	open_ms=3.483	commit_ms=78.593
7Z-SCALE	g_real	middle	updater	0	4.257	0.390	5.626	0.333	0.001	0.001	0.000	2.119	0.256	2.194	0.457	0.001	0.000	85725455	10.86	10.75	10.70
7Z-SCALE	g_real	middle	updater	1	3.985	0.390	5.122	0.326	0.001	0.000	0.000	1.698	0.241	2.132	0.466	0.001	0.000	85725455	10.86	10.75	10.70
7Z-SCALE	g_real	middle	updater	2	3.986	0.380	4.984	0.321	0.001	0.000	0.000	1.596	0.245	2.105	0.448	0.001	0.000	85725455	10.86	10.75	10.70
7Z-SCALE	g_real	middle	updater	3	3.967	0.381	4.743	0.327	0.001	0.000	0.000	1.345	0.246	2.110	0.452	0.001	0.000	85725455	10.86	10.75	10.70
7Z-SCALE	g_real	middle	updater	4	4.000	0.384	4.917	0.321	0.001	0.000	0.000	1.555	0.248	2.083	0.452	0.001	0.000	85725455	10.86	10.75	10.70
7Z-SCALE-MEDIAN	g_real	middle	updater	open_ms=3.986	commit_ms=4.984
7Z-SCALE	g_real	middle	rewriter	0	3.363	0.417	20265.638	0.000	0.000	0.000	0.000	0.000	0.000	0.000	0.000	0.000	0.000	85725455	10.86	10.75	10.70
7Z-SCALE	g_real	middle	rewriter	1	3.470	0.413	20303.876	0.000	0.000	0.000	0.000	0.000	0.000	0.000	0.000	0.000	0.000	85725455	10.88	10.76	10.71
7Z-SCALE	g_real	middle	rewriter	2	3.486	0.434	20397.033	0.000	0.000	0.000	0.000	0.000	0.000	0.000	0.000	0.000	0.000	85725455	11.35	10.86	10.75
7Z-SCALE	g_real	middle	rewriter	3	3.472	0.419	22178.165	0.000	0.000	0.000	0.000	0.000	0.000	0.000	0.000	0.000	0.000	85725455	11.26	10.87	10.75
7Z-SCALE	g_real	middle	rewriter	4	3.666	0.453	25928.148	0.000	0.000	0.000	0.000	0.000	0.000	0.000	0.000	0.000	0.000	85725455	16.05	11.89	11.11
7Z-SCALE-MEDIAN	g_real	middle	rewriter	open_ms=3.472	commit_ms=20397.033
7Z-SCALE	g_k100	rename	updater	0	407.740	47.571	336.218	33.502	0.052	0.027	0.000	5.349	24.111	233.693	0.082	0.143	0.031	6815829	20.31	13.26	11.63
7Z-SCALE	g_k100	rename	updater	1	412.402	47.164	335.080	35.844	0.052	0.028	0.000	5.908	24.133	241.767	0.080	0.147	0.032	6815829	20.31	13.26	11.63
7Z-SCALE	g_k100	rename	updater	2	407.991	48.039	321.076	36.328	0.054	0.035	0.000	6.347	23.816	227.792	0.083	0.149	0.032	6815829	20.31	13.26	11.63
7Z-SCALE	g_k100	rename	updater	3	404.957	46.433	325.401	32.528	0.052	0.027	0.000	9.186	24.472	232.323	0.084	0.147	0.031	6815829	20.31	13.26	11.63
7Z-SCALE	g_k100	rename	updater	4	398.192	47.118	318.184	31.288	0.052	0.029	0.000	5.863	23.841	229.912	0.082	0.146	0.031	6815829	19.00	13.11	11.58
7Z-SCALE-MEDIAN	g_k100	rename	updater	open_ms=407.740	commit_ms=325.401
7Z-SCALE	g_k100	rename	rewriter	0	371.332	54.616	3588.047	0.000	0.000	0.000	0.000	0.000	0.000	0.000	0.000	0.000	0.000	6815829	19.00	13.11	11.58
7Z-SCALE	g_k100	rename	rewriter	1	370.375	57.900	3632.839	0.000	0.000	0.000	0.000	0.000	0.000	0.000	0.000	0.000	0.000	6815829	19.00	13.11	11.58
7Z-SCALE	g_k100	rename	rewriter	2	369.087	55.184	3581.454	0.000	0.000	0.000	0.000	0.000	0.000	0.000	0.000	0.000	0.000	6815829	17.80	12.95	11.54
7Z-SCALE	g_k100	rename	rewriter	3	373.312	55.003	3591.684	0.000	0.000	0.000	0.000	0.000	0.000	0.000	0.000	0.000	0.000	6815829	17.18	12.90	11.53
7Z-SCALE	g_k100	rename	rewriter	4	372.510	56.359	3609.553	0.000	0.000	0.000	0.000	0.000	0.000	0.000	0.000	0.000	0.000	6815829	16.60	12.86	11.52
7Z-SCALE-MEDIAN	g_k100	rename	rewriter	open_ms=371.332	commit_ms=3591.684
7Z-SCALE	g_k100	first	updater	0	404.861	47.313	405.577	33.650	0.053	0.028	0.000	34.371	23.625	227.268	59.950	0.144	0.032	6815765	16.15	12.83	11.52
7Z-SCALE	g_k100	first	updater	1	407.895	47.763	403.710	33.686	0.053	0.028	0.000	34.569	23.625	225.071	60.121	0.144	0.032	6815765	16.15	12.83	11.52
7Z-SCALE	g_k100	first	updater	2	405.840	47.928	404.956	33.660	0.053	0.028	0.000	35.055	23.600	225.875	60.195	0.142	0.032	6815765	16.15	12.83	11.52
7Z-SCALE	g_k100	first	updater	3	399.489	46.750	406.000	33.317	0.054	0.028	0.000	34.886	23.751	226.667	60.303	0.144	0.031	6815765	16.15	12.83	11.52
7Z-SCALE	g_k100	first	updater	4	406.820	46.860	409.437	33.801	0.053	0.028	0.000	35.271	23.861	229.024	59.991	0.144	0.032	6815765	16.15	12.83	11.52
7Z-SCALE-MEDIAN	g_k100	first	updater	open_ms=405.840	commit_ms=405.577
7Z-SCALE	g_k100	first	rewriter	0	377.196	56.692	3584.145	0.000	0.000	0.000	0.000	0.000	0.000	0.000	0.000	0.000	0.000	6815765	15.42	12.73	11.49
7Z-SCALE	g_k100	first	rewriter	1	373.873	55.576	3593.196	0.000	0.000	0.000	0.000	0.000	0.000	0.000	0.000	0.000	0.000	6815765	15.42	12.73	11.49
7Z-SCALE	g_k100	first	rewriter	2	374.017	56.279	3601.251	0.000	0.000	0.000	0.000	0.000	0.000	0.000	0.000	0.000	0.000	6815765	14.67	12.62	11.46
7Z-SCALE	g_k100	first	rewriter	3	370.286	55.926	3763.867	0.000	0.000	0.000	0.000	0.000	0.000	0.000	0.000	0.000	0.000	6815765	14.29	12.57	11.45
7Z-SCALE	g_k100	first	rewriter	4	375.831	56.196	3742.290	0.000	0.000	0.000	0.000	0.000	0.000	0.000	0.000	0.000	0.000	6815765	14.11	12.56	11.45
7Z-SCALE-MEDIAN	g_k100	first	rewriter	open_ms=374.017	commit_ms=3601.251
7Z-SCALE	z_k100	rename	updater	0	368.851	46.506	401.361	8.718	0.001	0.000	0.000	2.167	190.226	188.010	0.005	0.109	0.000	228446	13.94	12.55	11.46
7Z-SCALE	z_k100	rename	updater	1	365.955	47.494	395.146	7.494	0.000	0.000	0.000	1.170	191.712	182.418	0.003	0.092	0.000	228446	13.94	12.55	11.46
7Z-SCALE	z_k100	rename	updater	2	362.453	46.140	391.577	7.248	0.000	0.000	0.000	2.114	189.538	180.262	0.004	0.111	0.000	228446	13.94	12.55	11.46
7Z-SCALE	z_k100	rename	updater	3	354.754	46.096	392.287	7.318	0.001	0.000	0.000	2.023	189.734	180.985	0.004	0.087	0.000	228446	13.94	12.55	11.46
7Z-SCALE	z_k100	rename	updater	4	362.540	46.707	389.687	7.273	0.000	0.000	0.000	2.049	188.995	178.789	0.005	0.087	0.000	228446	13.94	12.55	11.46
7Z-SCALE-MEDIAN	z_k100	rename	updater	open_ms=362.540	commit_ms=392.287
7Z-SCALE	z_k100	rename	rewriter	0	352.267	55.899	3585.244	0.000	0.000	0.000	0.000	0.000	0.000	0.000	0.000	0.000	0.000	6815829	13.46	12.48	11.44
7Z-SCALE	z_k100	rename	rewriter	1	350.256	55.470	3581.474	0.000	0.000	0.000	0.000	0.000	0.000	0.000	0.000	0.000	0.000	6815829	13.46	12.48	11.44
7Z-SCALE	z_k100	rename	rewriter	2	349.263	55.664	3672.327	0.000	0.000	0.000	0.000	0.000	0.000	0.000	0.000	0.000	0.000	6815829	13.51	12.50	11.45
7Z-SCALE	z_k100	rename	rewriter	3	356.227	58.464	3742.160	0.000	0.000	0.000	0.000	0.000	0.000	0.000	0.000	0.000	0.000	6815829	13.15	12.44	11.44
7Z-SCALE	z_k100	rename	rewriter	4	355.283	56.666	3479.408	0.000	0.000	0.000	0.000	0.000	0.000	0.000	0.000	0.000	0.000	6815829	12.89	12.40	11.43
7Z-SCALE-MEDIAN	z_k100	rename	rewriter	open_ms=352.267	commit_ms=3585.244
7Z-SCALE	z_k100	first	updater	0	360.983	46.492	976.984	30.318	0.000	137.859	0.008	1.724	193.205	182.111	0.006	419.244	0.000	242042	13.06	12.45	11.45
7Z-SCALE	z_k100	first	updater	1	363.804	45.823	965.036	31.033	0.000	135.332	0.009	2.415	187.202	182.160	0.006	414.661	0.000	242042	13.06	12.45	11.45
7Z-SCALE	z_k100	first	updater	2	360.275	47.195	952.336	30.533	0.000	136.716	0.007	2.622	186.933	181.021	0.005	401.724	0.000	242042	13.06	12.45	11.45
7Z-SCALE	z_k100	first	updater	3	367.043	46.902	1004.798	29.540	0.000	137.960	0.006	3.580	196.027	183.367	0.004	441.975	0.000	242042	13.06	12.45	11.45
7Z-SCALE	z_k100	first	updater	4	363.442	46.949	956.007	28.816	0.000	132.365	0.006	2.617	206.714	181.423	0.004	392.139	0.000	242042	12.34	12.31	11.40
7Z-SCALE-MEDIAN	z_k100	first	updater	open_ms=363.442	commit_ms=965.036
7Z-SCALE	z_k100	first	rewriter	0	346.474	54.762	3419.848	0.000	0.000	0.000	0.000	0.000	0.000	0.000	0.000	0.000	0.000	6815765	12.34	12.31	11.40
7Z-SCALE	z_k100	first	rewriter	1	351.276	56.085	3385.898	0.000	0.000	0.000	0.000	0.000	0.000	0.000	0.000	0.000	0.000	6815765	12.31	12.30	11.41
7Z-SCALE	z_k100	first	rewriter	2	352.171	55.163	3387.919	0.000	0.000	0.000	0.000	0.000	0.000	0.000	0.000	0.000	0.000	6815765	12.76	12.39	11.45
7Z-SCALE	z_k100	first	rewriter	3	355.289	57.122	3352.456	0.000	0.000	0.000	0.000	0.000	0.000	0.000	0.000	0.000	0.000	6815765	12.76	12.39	11.45
7Z-SCALE	z_k100	first	rewriter	4	356.479	58.294	3464.417	0.000	0.000	0.000	0.000	0.000	0.000	0.000	0.000	0.000	0.000	6815765	12.86	12.42	11.46
7Z-SCALE-MEDIAN	z_k100	first	rewriter	open_ms=352.171	commit_ms=3387.919
7Z-SCALE	z_real_default	rename	updater	0	3.878	0.399	8.371	0.083	0.000	0.000	0.000	1.690	4.560	1.886	0.003	0.001	0.000	81364785	12.95	12.45	11.47
7Z-SCALE	z_real_default	rename	updater	1	3.809	0.394	7.373	0.080	0.000	0.000	0.000	0.845	4.495	1.809	0.002	0.001	0.000	81364785	12.95	12.45	11.47
7Z-SCALE	z_real_default	rename	updater	2	3.711	0.397	7.338	0.075	0.000	0.000	0.000	0.830	4.437	1.851	0.003	0.001	0.000	81364785	12.95	12.45	11.47
7Z-SCALE	z_real_default	rename	updater	3	3.825	0.397	7.536	0.082	0.000	0.000	0.000	0.849	4.531	1.913	0.003	0.001	0.000	81364785	12.95	12.45	11.47
7Z-SCALE	z_real_default	rename	updater	4	3.992	0.386	7.684	0.075	0.000	0.000	0.000	0.995	4.537	1.928	0.003	0.001	0.000	81364785	12.95	12.45	11.47
7Z-SCALE-MEDIAN	z_real_default	rename	updater	open_ms=3.825	commit_ms=7.536
7Z-SCALE	z_real_default	rename	rewriter	0	3.253	0.424	20643.594	0.000	0.000	0.000	0.000	0.000	0.000	0.000	0.000	0.000	0.000	85726983	12.95	12.45	11.47
7Z-SCALE	z_real_default	rename	rewriter	1	3.392	0.446	20334.852	0.000	0.000	0.000	0.000	0.000	0.000	0.000	0.000	0.000	0.000	85726983	12.55	12.38	11.47
7Z-SCALE	z_real_default	rename	rewriter	2	3.330	0.432	20170.057	0.000	0.000	0.000	0.000	0.000	0.000	0.000	0.000	0.000	0.000	85726983	12.12	12.29	11.46
7Z-SCALE	z_real_default	rename	rewriter	3	3.358	0.444	20203.356	0.000	0.000	0.000	0.000	0.000	0.000	0.000	0.000	0.000	0.000	85726983	12.25	12.31	11.49
7Z-SCALE	z_real_default	rename	rewriter	4	3.279	0.434	20124.162	0.000	0.000	0.000	0.000	0.000	0.000	0.000	0.000	0.000	0.000	85726983	12.14	12.27	11.49
7Z-SCALE-MEDIAN	z_real_default	rename	rewriter	open_ms=3.330	commit_ms=20203.356
7Z-SCALE	z_real_default	first	updater	0	7.122	0.396	21920.930	0.336	0.000	20114.471	22.155	25.038	4.414	1.887	0.004	1774.591	0.000	85088977	12.02	12.24	11.50
7Z-SCALE	z_real_default	first	updater	1	4.829	0.387	21886.926	0.336	0.000	20088.199	19.515	22.490	4.438	1.995	0.004	1769.297	0.000	85088977	12.05	12.22	11.51
7Z-SCALE	z_real_default	first	updater	2	4.234	0.403	21848.493	0.335	0.000	20044.772	16.472	19.284	4.425	1.868	0.004	1777.636	0.000	85088977	10.71	11.90	11.41
7Z-SCALE	z_real_default	first	updater	3	4.162	0.389	21871.745	0.336	0.000	20064.229	15.522	18.411	4.409	1.863	0.004	1782.333	0.000	85088977	10.50	11.77	11.38
7Z-SCALE	z_real_default	first	updater	4	4.192	0.389	21888.342	0.331	0.000	20085.039	16.684	19.915	4.442	1.874	0.004	1776.561	0.004	85088977	10.10	11.59	11.33
7Z-SCALE-MEDIAN	z_real_default	first	updater	open_ms=4.234	commit_ms=21886.926
7Z-SCALE	z_real_default	first	rewriter	0	3.370	0.429	20617.703	0.000	0.000	0.000	0.000	0.000	0.000	0.000	0.000	0.000	0.000	85726075	10.14	11.51	11.30
7Z-SCALE	z_real_default	first	rewriter	1	3.324	0.417	20360.376	0.000	0.000	0.000	0.000	0.000	0.000	0.000	0.000	0.000	0.000	85726075	10.87	11.57	11.33
7Z-SCALE	z_real_default	first	rewriter	2	3.306	0.414	20687.465	0.000	0.000	0.000	0.000	0.000	0.000	0.000	0.000	0.000	0.000	85726075	10.81	11.52	11.31
7Z-SCALE	z_real_default	first	rewriter	3	3.354	0.427	20835.401	0.000	0.000	0.000	0.000	0.000	0.000	0.000	0.000	0.000	0.000	85726075	10.74	11.45	11.29
7Z-SCALE	z_real_default	first	rewriter	4	3.408	0.426	20335.786	0.000	0.000	0.000	0.000	0.000	0.000	0.000	0.000	0.000	0.000	85726075	10.61	11.37	11.27
7Z-SCALE-MEDIAN	z_real_default	first	rewriter	open_ms=3.354	commit_ms=20617.703
7Z-SCALE	plain256	set	updater	0	4.675	0.048	273.216	0.398	5.750	0.001	0.000	125.211	0.410	3.043	0.004	0.002	137.988	137292088	10.57	11.29	11.24
7Z-SCALE	plain256	set	updater	1	4.950	0.025	268.795	0.393	5.459	0.001	0.000	119.822	0.402	2.923	0.004	0.002	139.282	137292088	10.57	11.29	11.24
7Z-SCALE	plain256	set	updater	2	5.041	0.024	286.147	0.383	5.494	0.000	0.000	122.672	0.421	2.958	0.004	0.002	153.805	137292088	10.57	11.29	11.24
7Z-SCALE	plain256	set	updater	3	4.886	0.023	279.177	0.383	5.335	0.000	0.000	122.374	0.414	2.897	0.004	0.002	147.348	137292088	10.57	11.29	11.24
7Z-SCALE	plain256	set	updater	4	5.752	0.023	276.621	0.379	5.349	0.001	0.000	117.897	0.393	2.894	0.007	0.002	149.285	137292088	10.57	11.29	11.24
7Z-SCALE-MEDIAN	plain256	set	updater	open_ms=4.950	commit_ms=276.621
7Z-SCALE	plain256	set	rewriter	0	4.131	0.023	11258.024	0.000	0.000	0.000	0.000	0.000	0.000	0.000	0.000	0.000	0.000	137292088	10.57	11.29	11.24
7Z-SCALE	plain256	set	rewriter	1	4.159	0.002	11378.866	0.000	0.000	0.000	0.000	0.000	0.000	0.000	0.000	0.000	0.000	137292088	10.41	11.23	11.22
7Z-SCALE	plain256	set	rewriter	2	4.102	0.002	11553.050	0.000	0.000	0.000	0.000	0.000	0.000	0.000	0.000	0.000	0.000	137292088	9.82	11.07	11.17
7Z-SCALE	plain256	set	rewriter	3	4.200	0.002	11413.992	0.000	0.000	0.000	0.000	0.000	0.000	0.000	0.000	0.000	0.000	137292088	10.22	11.12	11.18
7Z-SCALE	plain256	set	rewriter	4	4.201	0.001	11450.117	0.000	0.000	0.000	0.000	0.000	0.000	0.000	0.000	0.000	0.000	137292088	10.27	11.10	11.17
7Z-SCALE-MEDIAN	plain256	set	rewriter	open_ms=4.159	commit_ms=11413.992
7Z-SCALE	aes256	change	updater	0	5.219	0.050	512.006	0.493	103.149	0.000	0.000	259.160	0.410	2.964	0.005	0.002	145.415	137292088	10.35	11.06	11.15
7Z-SCALE	aes256	change	updater	1	6.548	0.049	490.593	0.473	102.579	0.000	0.000	239.661	0.409	2.921	0.004	0.002	144.140	137292088	10.35	11.06	11.15
7Z-SCALE	aes256	change	updater	2	6.304	0.051	498.627	0.480	102.027	0.001	0.000	242.177	0.405	3.328	0.005	0.002	149.796	137292088	10.35	11.06	11.15
7Z-SCALE	aes256	change	updater	3	6.568	0.052	484.813	0.483	102.662	0.000	0.000	238.214	0.412	2.855	0.005	0.002	139.766	137292088	10.35	11.06	11.15
7Z-SCALE	aes256	change	updater	4	6.274	0.052	489.272	0.478	102.287	0.000	0.000	242.770	0.408	2.875	0.004	0.002	140.036	137292088	10.35	11.06	11.15
7Z-SCALE-MEDIAN	aes256	change	updater	open_ms=6.304	commit_ms=490.593
7Z-SCALE	aes256	change	rewriter	0	4.652	0.002	11153.319	0.000	0.000	0.000	0.000	0.000	0.000	0.000	0.000	0.000	0.000	137292088	10.35	11.06	11.15
7Z-SCALE	aes256	change	rewriter	1	4.678	0.002	11119.544	0.000	0.000	0.000	0.000	0.000	0.000	0.000	0.000	0.000	0.000	137292088	10.52	11.07	11.16
7Z-SCALE	aes256	change	rewriter	2	4.683	0.002	11134.628	0.000	0.000	0.000	0.000	0.000	0.000	0.000	0.000	0.000	0.000	137292088	9.85	10.90	11.10
7Z-SCALE	aes256	change	rewriter	3	4.672	0.002	11338.829	0.000	0.000	0.000	0.000	0.000	0.000	0.000	0.000	0.000	0.000	137292088	10.18	10.94	11.11
7Z-SCALE	aes256	change	rewriter	4	4.657	0.002	11245.685	0.000	0.000	0.000	0.000	0.000	0.000	0.000	0.000	0.000	0.000	137292088	10.08	10.89	11.09
7Z-SCALE-MEDIAN	aes256	change	rewriter	open_ms=4.672	commit_ms=11153.319
7Z-SCALE	aes256	remove	updater	0	5.712	0.049	290.658	0.400	96.961	0.000	0.000	178.417	0.294	2.531	0.005	0.005	11.687	137251576	10.06	10.86	11.07
7Z-SCALE	aes256	remove	updater	1	5.790	0.049	279.315	0.400	97.770	0.000	0.000	166.454	0.322	2.563	0.005	0.002	11.422	137251576	10.06	10.86	11.07
7Z-SCALE	aes256	remove	updater	2	5.635	0.054	282.540	0.368	97.498	0.000	0.000	170.057	0.306	2.461	0.005	0.003	11.473	137251576	10.06	10.86	11.07
7Z-SCALE	aes256	remove	updater	3	5.511	0.048	284.095	0.397	97.692	0.000	0.000	171.115	0.287	2.513	0.004	0.002	11.724	137251576	10.06	10.86	11.07
7Z-SCALE	aes256	remove	updater	4	5.808	0.050	274.414	0.397	97.574	0.001	0.000	161.711	0.320	2.520	0.005	0.004	11.508	137251576	10.06	10.86	11.07
7Z-SCALE-MEDIAN	aes256	remove	updater	open_ms=5.712	commit_ms=282.540
7Z-SCALE	aes256	remove	rewriter	0	4.692	0.002	11226.373	0.000	0.000	0.000	0.000	0.000	0.000	0.000	0.000	0.000	0.000	137251576	9.42	10.71	11.02
7Z-SCALE	aes256	remove	rewriter	1	4.732	0.001	11241.371	0.000	0.000	0.000	0.000	0.000	0.000	0.000	0.000	0.000	0.000	137251576	9.81	10.75	11.03
7Z-SCALE	aes256	remove	rewriter	2	4.798	0.001	11194.386	0.000	0.000	0.000	0.000	0.000	0.000	0.000	0.000	0.000	0.000	137251576	9.91	10.74	11.02
7Z-SCALE	aes256	remove	rewriter	3	4.522	0.002	11058.258	0.000	0.000	0.000	0.000	0.000	0.000	0.000	0.000	0.000	0.000	137251576	9.85	10.70	11.01
7Z-SCALE	aes256	remove	rewriter	4	4.657	0.002	11169.582	0.000	0.000	0.000	0.000	0.000	0.000	0.000	0.000	0.000	0.000	137251576	9.88	10.68	10.99
7Z-SCALE-MEDIAN	aes256	remove	rewriter	open_ms=4.692	commit_ms=11194.386
